AA 04 31 -72 17
AB 04 31 -71 54
AC 04 31 -71 30
BA 04 35 -72 17
BB 04 35 -71 54
BC 04 35 -71 30
BD 04 35 -71 05
BE_00 04 34 -70 47
BE_01 04 34 -70 36
BE_10 04 36 -70 47
BE_11 04 36 -70 36
BF_10 04 36 -70 23
BF_11 04 36 -70 12
BG 04 35 -69 54
BH 04 35 -69 30
BI 04 35 -69 05
CA 04 40 -72 17
CB 04 40 -71 54
CC_00 04 39 -71 35
CC_01 04 39 -71 24
CC_10 04 41 -71 35
CC_11 04 41 -71 24
CD_00 04 39 -71 11
CD_01 04 39 -71 00
CD_10 04 41 -71 11
CD_11 04 41 -71 00
CE_00 04 39 -70 47
CE_01 04 39 -70 36
CE_10 04 41 -70 47
CE_11 04 41 -70 36
CF_00 04 39 -70 23
CF_01 04 39 -70 12
CF_10 04 41 -70 23
CF_11 04 41 -70 12
CG_00 04 39 -70 00
CG_01 04 39 -69 48
CG_10 04 41 -70 00
CG_11 04 41 -69 48
CH_00 04 39 -69 35
CH_01 04 39 -69 24
CH_10 04 41 -69 35
CH_11 04 41 -69 24
CI_00 04 39 -69 11
CI_01 04 39 -69 00
CI_10 04 41 -69 11
CI_11 04 41 -69 00
CJ_00 04 39 -68 47
CJ_01 04 39 -68 36
CJ_10 04 41 -68 47
CJ_11 04 41 -68 36
CK_00 04 39 -68 23
CK_01 04 39 -68 12
CK_10 04 41 -68 23
CK_11 04 41 -68 12
CL 04 40 -67 54
CM 04 40 -67 30
CN 04 40 -67 05
CO 04 40 -66 42
DA_00 04 43 -72 23
DA_01 04 43 -72 12
DA_10 04 46 -72 23
DA_11 04 46 -72 12
DB_00 04 43 -72 00
DB_01 04 43 -71 48
DB_10 04 46 -72 00
DB_11 04 46 -71 48
DC_00 04 43 -71 35
DC_01 04 43 -71 24
DC_10 04 46 -71 35
DC_11 04 46 -71 24
DD_00 04 43 -71 11
DD_01 04 43 -71 00
DD_10 04 46 -71 11
DD_11 04 46 -71 00
DE_00 04 43 -70 47
DE_01 04 43 -70 36
DE_10 04 46 -70 47
DE_11 04 46 -70 36
DF_00 04 43 -70 23
DF_01 04 43 -70 12
DF_10 04 46 -70 23
DF_11 04 46 -70 12
DG_00 04 43 -70 00
DG_01 04 43 -69 48
DG_10 04 46 -70 00
DG_11 04 46 -69 48
DH_00 04 43 -69 35
DH_01 04 43 -69 24
DH_10 04 46 -69 35
DH_11 04 46 -69 24
DI_00 04 43 -69 11
DI_01 04 43 -69 00
DI_10 04 46 -69 11
DI_11 04 46 -69 00
DJ_00 04 43 -68 47
DJ_01 04 43 -68 36
DJ_10 04 46 -68 47
DJ_11 04 46 -68 36
DK_00 04 43 -68 23
DK_01 04 43 -68 12
DK_10 04 46 -68 23
DK_11 04 46 -68 12
DL_00 04 43 -68 00
DL_01 04 43 -67 48
DL_10 04 46 -68 00
DL_11 04 46 -67 48
DM_00 04 43 -67 35
DM_01 04 43 -67 24
DM_10 04 46 -67 35
DM_11 04 46 -67 24
DN_00 04 43 -67 11
DN_01 04 43 -67 00
DN_10 04 46 -67 11
DN_11 04 46 -67 00
DO_00 04 43 -66 47
DO_01 04 43 -66 36
DO_10 04 46 -66 47
DO_11 04 46 -66 36
DP 04 44 -66 17
DQ 04 44 -65 54
DR 04 44 -65 30
EA_00 04 48 -72 23
EA_01 04 48 -72 12
EA_10 04 50 -72 23
EA_11 04 50 -72 12
EB_00 04 48 -72 00
EB_01 04 48 -71 48
EB_10 04 50 -72 00
EB_11 04 50 -71 48
EC_00 04 48 -71 35
EC_01 04 48 -71 24
EC_10 04 50 -71 35
EC_11 04 50 -71 24
ED_00 04 48 -71 11
ED_01 04 48 -71 00
ED_10 04 50 -71 11
ED_11 04 50 -71 00
EE_00 04 48 -70 47
EE_01 04 48 -70 36
EE_10 04 50 -70 47
EE_11 04 50 -70 36
EF_00 04 48 -70 23
EF_01 04 48 -70 12
EF_10 04 50 -70 23
EF_11 04 50 -70 12
EG_00 04 48 -70 00
EG_01 04 48 -69 48
EG_10 04 50 -70 00
EG_11 04 50 -69 48
EH_00 04 48 -69 35
EH_01 04 48 -69 24
EH_10 04 50 -69 35
EH_11 04 50 -69 24
EI_00 04 48 -69 11
EI_01 04 48 -69 00
EI_10 04 50 -69 11
EI_11 04 50 -69 00
EJ_00 04 48 -68 47
EJ_01 04 48 -68 36
EJ_10 04 50 -68 47
EJ_11 04 50 -68 36
EK_00 04 48 -68 23
EK_01 04 48 -68 12
EK_10 04 50 -68 23
EK_11 04 50 -68 12
EL_00 04 48 -68 00
EL_01 04 48 -67 48
EL_10 04 50 -68 00
EL_11 04 50 -67 48
EM_00 04 48 -67 35
EM_01 04 48 -67 24
EM_10 04 50 -67 35
EM_11 04 50 -67 24
EN_00 04 48 -67 11
EN_01 04 48 -67 00
EN_10 04 50 -67 11
EN_11 04 50 -67 00
EP_00 04 48 -66 23
EP_01 04 48 -66 12
EP_10 04 50 -66 23
EP_11 04 50 -66 12
EQ_00 04 48 -66 00
EQ_01 04 48 -65 48
EQ_10 04 50 -66 00
EQ_11 04 50 -65 48
ER 04 49 -65 30
ES 04 49 -65 05
FA_00 04 52 -72 23
FA_01 04 52 -72 12
FA_10 04 55 -72 23
FA_11 04 55 -72 12
FB_00 04 52 -72 00
FB_01 04 52 -71 48
FB_10 04 55 -72 00
FB_11 04 55 -71 48
FC_00 04 52 -71 35
FC_01 04 52 -71 24
FC_10 04 55 -71 35
FC_11 04 55 -71 24
FD_00 04 52 -71 11
FD_01 04 52 -71 00
FD_10 04 55 -71 11
FD_11 04 55 -71 00
FE_00 04 52 -70 47
FE_01 04 52 -70 36
FE_10 04 55 -70 47
FE_11 04 55 -70 36
FF_00 04 52 -70 23
FF_01 04 52 -70 12
FF_10 04 55 -70 23
FF_11 04 55 -70 12
FG_00 04 52 -70 00
FG_01 04 52 -69 48
FG_10 04 55 -70 00
FG_11 04 55 -69 48
FH_00 04 52 -69 35
FH_01 04 52 -69 24
FH_10 04 55 -69 35
FH_11 04 55 -69 24
FI_00 04 52 -69 11
FI_01 04 52 -69 00
FI_10 04 55 -69 11
FI_11 04 55 -69 00
FJ_00 04 52 -68 47
FJ_01 04 52 -68 36
FJ_10 04 55 -68 47
FJ_11 04 55 -68 36
FK_00 04 52 -68 23
FK_01 04 52 -68 12
FK_10 04 55 -68 23
FK_11 04 55 -68 12
FL_00 04 52 -68 00
FL_01 04 52 -67 48
FL_10 04 55 -68 00
FL_11 04 55 -67 48
FM_00 04 52 -67 35
FM_01 04 52 -67 24
FM_10 04 55 -67 35
FM_11 04 55 -67 24
FN_00 04 52 -67 11
FN_01 04 52 -67 00
FN_10 04 55 -67 11
FN_11 04 55 -67 00
FO_00 04 52 -66 47
FO_01 04 52 -66 36
FO_10 04 55 -66 47
FO_11 04 55 -66 36
FP_00 04 52 -66 23
FP_01 04 52 -66 12
FP_10 04 55 -66 23
FP_11 04 55 -66 12
FQ_00 04 52 -66 00
FQ_01 04 52 -65 48
FQ_10 04 55 -66 00
FQ_11 04 55 -65 48
FR_00 04 52 -65 35
FR_01 04 52 -65 24
FR_10 04 55 -65 35
FR_11 04 55 -65 24
FS 04 54 -65 05
GA_00 04 57 -72 23
GA_01 04 57 -72 12
GA_10 04 59 -72 23
GA_11 04 59 -72 12
GB_00 04 57 -72 00
GB_01 04 57 -71 48
GB_10 04 59 -72 00
GB_11 04 59 -71 48
GC_00 04 57 -71 35
GC_01 04 57 -71 24
GC_10 04 59 -71 35
GC_11 04 59 -71 24
GD_00 04 57 -71 11
GD_01 04 57 -71 00
GD_10 04 59 -71 11
GD_11 04 59 -71 00
GE_00 04 57 -70 47
GE_01 04 57 -70 36
GE_10 04 59 -70 47
GE_11 04 59 -70 36
GF_00 04 57 -70 23
GF_01 04 57 -70 12
GF_10 04 59 -70 23
GF_11 04 59 -70 12
GG_00 04 57 -70 00
GG_01 04 57 -69 48
GG_10 04 59 -70 00
GG_11 04 59 -69 48
GH_00 04 57 -69 35
GH_01 04 57 -69 24
GH_10 04 59 -69 35
GH_11 04 59 -69 24
GI_00 04 57 -69 11
GI_01 04 57 -69 00
GI_10 04 59 -69 11
GI_11 04 59 -69 00
GJ_00 04 57 -68 47
GJ_01 04 57 -68 36
GJ_10 04 59 -68 47
GJ_11 04 59 -68 36
GK_00 04 57 -68 23
GK_01 04 57 -68 12
GK_10 04 59 -68 23
GK_11 04 59 -68 12
GL_00 04 57 -68 00
GL_01 04 57 -67 48
GL_10 04 59 -68 00
GL_11 04 59 -67 48
GM_00 04 57 -67 35
GM_01 04 57 -67 24
GM_10 04 59 -67 35
GM_11 04 59 -67 24
GN_00 04 57 -67 11
GN_01 04 57 -67 00
GN_10 04 59 -67 11
GN_11 04 59 -67 00
GO_00 04 57 -66 47
GO_01 04 57 -66 36
GO_10 04 59 -66 47
GO_11 04 59 -66 36
GP_00 04 57 -66 23
GP_01 04 57 -66 12
GP_10 04 59 -66 23
GP_11 04 59 -66 12
GQ_00 04 57 -66 00
GQ_01 04 57 -65 48
GQ_10 04 59 -66 00
GQ_11 04 59 -65 48
GR_00 04 57 -65 35
GR_01 04 57 -65 24
GR_10 04 59 -65 35
GR_11 04 59 -65 24
GS 04 58 -65 05
HA_00 05 01 -72 23
HA_01 05 01 -72 12
HA_10 05 04 -72 23
HA_11 05 04 -72 12
HB_00 05 01 -72 00
HB_01 05 01 -71 48
HB_10 05 04 -72 00
HB_11 05 04 -71 48
HC_00 05 01 -71 35
HC_01 05 01 -71 24
HC_10 05 04 -71 35
HC_11 05 04 -71 24
HD_00 05 01 -71 11
HD_01 05 01 -71 00
HD_10 05 04 -71 11
HD_11 05 04 -71 00
HE_00 05 01 -70 47
HE_01 05 01 -70 36
HE_10 05 04 -70 47
HE_11 05 04 -70 36
HF_00 05 01 -70 23
HF_01 05 01 -70 12
HF_10 05 04 -70 23
HF_11 05 04 -70 12
HG_00 05 01 -70 00
HG_01 05 01 -69 48
HG_10 05 04 -70 00
HG_11 05 04 -69 48
HH_00 05 01 -69 35
HH_01 05 01 -69 24
HH_10 05 04 -69 35
HH_11 05 04 -69 24
HI_00 05 01 -69 11
HI_01 05 01 -69 00
HI_10 05 04 -69 11
HI_11 05 04 -69 00
HJ_00 05 01 -68 47
HJ_01 05 01 -68 36
HJ_10 05 04 -68 47
HJ_11 05 04 -68 36
HK_00 05 01 -68 23
HK_01 05 01 -68 12
HK_10 05 04 -68 23
HK_11 05 04 -68 12
HL_00 05 01 -68 00
HL_01 05 01 -67 48
HL_10 05 04 -68 00
HL_11 05 04 -67 48
HM_00 05 01 -67 35
HM_01 05 01 -67 24
HM_10 05 04 -67 35
HM_11 05 04 -67 24
HN_00 05 01 -67 11
HN_01 05 01 -67 00
HN_10 05 04 -67 11
HN_11 05 04 -67 00
HO_00 05 01 -66 47
HO_01 05 01 -66 36
HO_10 05 04 -66 47
HO_11 05 04 -66 36
HP_00 05 01 -66 23
HP_01 05 01 -66 12
HP_10 05 04 -66 23
HP_11 05 04 -66 12
HQ_00 05 01 -66 00
HQ_01 05 01 -65 48
HQ_10 05 04 -66 00
HQ_11 05 04 -65 48
HR_00 05 01 -65 35
HR_01 05 01 -65 24
HR_10 05 04 -65 35
HR_11 05 04 -65 24
HS 05 03 -65 05
IA_00 05 06 -72 23
IA_01 05 06 -72 12
IA_10 05 08 -72 23
IA_11 05 08 -72 12
IB_00 05 06 -72 00
IB_01 05 06 -71 48
IB_10 05 08 -72 00
IB_11 05 08 -71 48
IC_00 05 06 -71 35
IC_01 05 06 -71 24
IC_10 05 08 -71 35
IC_11 05 08 -71 24
ID_00 05 06 -71 11
ID_01 05 06 -71 00
ID_10 05 08 -71 11
ID_11 05 08 -71 00
IE_00 05 06 -70 47
IE_01 05 06 -70 36
IE_10 05 08 -70 47
IE_11 05 08 -70 36
IF_00 05 06 -70 23
IF_01 05 06 -70 12
IF_10 05 08 -70 23
IF_11 05 08 -70 12
IG_00 05 06 -70 00
IG_01 05 06 -69 48
IG_10 05 08 -70 00
IG_11 05 08 -69 48
IH_00 05 06 -69 35
IH_01 05 06 -69 24
IH_10 05 08 -69 35
IH_11 05 08 -69 24
II_00 05 06 -69 11
II_01 05 06 -69 00
II_10 05 08 -69 11
II_11 05 08 -69 00
IJ_00 05 06 -68 47
IJ_01 05 06 -68 36
IJ_10 05 08 -68 47
IJ_11 05 08 -68 36
IK_00 05 06 -68 23
IK_01 05 06 -68 12
IK_10 05 08 -68 23
IK_11 05 08 -68 12
IL_00 05 06 -68 00
IL_01 05 06 -67 48
IL_10 05 08 -68 00
IL_11 05 08 -67 48
IM_00 05 06 -67 35
IM_01 05 06 -67 24
IM_10 05 08 -67 35
IM_11 05 08 -67 24
IN_00 05 06 -67 11
IN_01 05 06 -67 00
IN_10 05 08 -67 11
IN_11 05 08 -67 00
IO_00 05 06 -66 47
IO_01 05 06 -66 36
IO_10 05 08 -66 47
IO_11 05 08 -66 36
IP_00 05 06 -66 23
IP_01 05 06 -66 12
IP_10 05 08 -66 23
IP_11 05 08 -66 12
IQ_00 05 06 -66 00
IQ_01 05 06 -65 48
IQ_10 05 08 -66 00
IQ_11 05 08 -65 48
IR_00 05 06 -65 35
IR_01 05 06 -65 24
IR_10 05 08 -65 35
IR_11 05 08 -65 24
IS 05 07 -65 05
JA_00 05 11 -72 23
JA_01 05 11 -72 12
JA_10 05 13 -72 23
JA_11 05 13 -72 12
JB_00 05 11 -72 00
JB_01 05 11 -71 48
JB_10 05 13 -72 00
JB_11 05 13 -71 48
JC_00 05 11 -71 35
JC_01 05 11 -71 24
JC_10 05 13 -71 35
JC_11 05 13 -71 24
JD_00 05 11 -71 11
JD_01 05 11 -71 00
JD_10 05 13 -71 11
JD_11 05 13 -71 00
JE_00 05 11 -70 47
JE_01 05 11 -70 36
JE_10 05 13 -70 47
JE_11 05 13 -70 36
JF_00 05 11 -70 23
JF_01 05 11 -70 12
JF_10 05 13 -70 23
JF_11 05 13 -70 12
JG_00 05 11 -70 00
JG_01 05 11 -69 48
JG_10 05 13 -70 00
JG_11 05 13 -69 48
JH_00 05 11 -69 35
JH_01 05 11 -69 24
JH_10 05 13 -69 35
JH_11 05 13 -69 24
JI_00 05 11 -69 11
JI_01 05 11 -69 00
JI_10 05 13 -69 11
JI_11 05 13 -69 00
JJ_00 05 11 -68 47
JJ_01 05 11 -68 36
JJ_10 05 13 -68 47
JJ_11 05 13 -68 36
JK_00 05 11 -68 23
JK_01 05 11 -68 12
JK_10 05 13 -68 23
JK_11 05 13 -68 12
JL_00 05 11 -68 00
JL_01 05 11 -67 48
JL_10 05 13 -68 00
JL_11 05 13 -67 48
JM_00 05 11 -67 35
JM_01 05 11 -67 24
JM_10 05 13 -67 35
JM_11 05 13 -67 24
JN_00 05 11 -67 11
JN_01 05 11 -67 00
JN_10 05 13 -67 11
JN_11 05 13 -67 00
JO_00 05 11 -66 47
JO_01 05 11 -66 36
JO_10 05 13 -66 47
JO_11 05 13 -66 36
JP_00 05 11 -66 23
JP_01 05 11 -66 12
JP_10 05 13 -66 23
JP_11 05 13 -66 12
JQ_00 05 11 -66 00
JQ_01 05 11 -65 48
JQ_10 05 13 -66 00
JQ_11 05 13 -65 48
JR_00 05 11 -65 35
JR_01 05 11 -65 24
JR_10 05 13 -65 35
JR_11 05 13 -65 24
JS 05 12 -65 05
KA_00 05 15 -72 23
KA_01 05 15 -72 12
KA_10 05 17 -72 23
KA_11 05 17 -72 12
KB_00 05 15 -72 00
KB_01 05 15 -71 48
KB_10 05 17 -72 00
KB_11 05 17 -71 48
KC_00 05 15 -71 35
KC_01 05 15 -71 24
KC_10 05 17 -71 35
KC_11 05 17 -71 24
KD_00 05 15 -71 11
KD_01 05 15 -71 00
KD_10 05 17 -71 11
KD_11 05 17 -71 00
KE_00 05 15 -70 47
KE_01 05 15 -70 36
KE_10 05 17 -70 47
KE_11 05 17 -70 36
KF_00 05 15 -70 23
KF_01 05 15 -70 12
KF_10 05 17 -70 23
KF_11 05 17 -70 12
KG_00 05 15 -70 00
KG_01 05 15 -69 48
KG_10 05 17 -70 00
KG_11 05 17 -69 48
KH_00 05 15 -69 35
KH_01 05 15 -69 24
KH_10 05 17 -69 35
KH_11 05 17 -69 24
KI_00 05 15 -69 11
KI_01 05 15 -69 00
KI_10 05 17 -69 11
KI_11 05 17 -69 00
KJ_00 05 15 -68 47
KJ_01 05 15 -68 36
KJ_10 05 17 -68 47
KJ_11 05 17 -68 36
KK_00 05 15 -68 23
KK_01 05 15 -68 12
KK_10 05 17 -68 23
KK_11 05 17 -68 12
KL_00 05 15 -68 00
KL_01 05 15 -67 48
KL_10 05 17 -68 00
KL_11 05 17 -67 48
KM_00 05 15 -67 35
KM_01 05 15 -67 24
KM_10 05 17 -67 35
KM_11 05 17 -67 24
KN_00 05 15 -67 11
KN_01 05 15 -67 00
KN_10 05 17 -67 11
KN_11 05 17 -67 00
KO_00 05 15 -66 47
KO_01 05 15 -66 36
KO_10 05 17 -66 47
KO_11 05 17 -66 36
KP_00 05 15 -66 23
KP_01 05 15 -66 12
KP_10 05 17 -66 23
KP_11 05 17 -66 12
KQ_00 05 15 -66 00
KQ_01 05 15 -65 48
KQ_10 05 17 -66 00
KQ_11 05 17 -65 48
KR_00 05 15 -65 35
KR_01 05 15 -65 24
KR_10 05 17 -65 35
KR_11 05 17 -65 24
KS 05 16 -65 05
LA_00 05 20 -72 23
LA_01 05 20 -72 12
LA_10 05 22 -72 23
LA_11 05 22 -72 12
LB_00 05 20 -72 00
LB_01 05 20 -71 48
LB_10 05 22 -72 00
LB_11 05 22 -71 48
LC_00 05 20 -71 35
LC_01 05 20 -71 24
LC_10 05 22 -71 35
LC_11 05 22 -71 24
LD_00 05 20 -71 11
LD_01 05 20 -71 00
LD_10 05 22 -71 11
LD_11 05 22 -71 00
LE_00 05 20 -70 47
LE_01 05 20 -70 36
LE_10 05 22 -70 47
LE_11 05 22 -70 36
LF_00 05 20 -70 23
LF_01 05 20 -70 12
LF_10 05 22 -70 23
LF_11 05 22 -70 12
LG_00 05 20 -70 00
LG_01 05 20 -69 48
LG_10 05 22 -70 00
LG_11 05 22 -69 48
LH_00 05 20 -69 35
LH_01 05 20 -69 24
LH_10 05 22 -69 35
LH_11 05 22 -69 24
LI_00 05 20 -69 11
LI_01 05 20 -69 00
LI_10 05 22 -69 11
LI_11 05 22 -69 00
LJ_00 05 20 -68 47
LJ_01 05 20 -68 36
LJ_10 05 22 -68 47
LJ_11 05 22 -68 36
LK_00 05 20 -68 23
LK_01 05 20 -68 12
LK_10 05 22 -68 23
LK_11 05 22 -68 12
LL_00 05 20 -68 00
LL_01 05 20 -67 48
LL_10 05 22 -68 00
LL_11 05 22 -67 48
LM_00 05 20 -67 35
LM_01 05 20 -67 24
LM_10 05 22 -67 35
LM_11 05 22 -67 24
LN_00 05 20 -67 11
LN_01 05 20 -67 00
LN_10 05 22 -67 11
LN_11 05 22 -67 00
LO_00 05 20 -66 47
LO_01 05 20 -66 36
LO_10 05 22 -66 47
LO_11 05 22 -66 36
LP_00 05 20 -66 23
LP_01 05 20 -66 12
LP_10 05 22 -66 23
LP_11 05 22 -66 12
LQ_00 05 20 -66 00
LQ_01 05 20 -65 48
LQ_10 05 22 -66 00
LQ_11 05 22 -65 48
LR_00 05 20 -65 35
LR_01 05 20 -65 24
LR_10 05 22 -65 35
LR_11 05 22 -65 24
LS 05 21 -65 05
MA_00 05 24 -72 23
MA_01 05 24 -72 12
MA_10 05 27 -72 23
MA_11 05 27 -72 12
MB_00 05 24 -72 00
MB_01 05 24 -71 48
MB_10 05 27 -72 00
MB_11 05 27 -71 48
MC_00 05 24 -71 35
MC_01 05 24 -71 24
MC_10 05 27 -71 35
MC_11 05 27 -71 24
MD_00 05 24 -71 11
MD_01 05 24 -71 00
MD_10 05 27 -71 11
MD_11 05 27 -71 00
ME_00 05 24 -70 47
ME_01 05 24 -70 36
ME_10 05 27 -70 47
ME_11 05 27 -70 36
MF_00 05 24 -70 23
MF_01 05 24 -70 12
MF_10 05 27 -70 23
MF_11 05 27 -70 12
MG_00 05 24 -70 00
MG_01 05 24 -69 48
MG_10 05 27 -70 00
MG_11 05 27 -69 48
MH_00 05 24 -69 35
MH_01 05 24 -69 24
MH_10 05 27 -69 35
MH_11 05 27 -69 24
MI_00 05 24 -69 11
MI_01 05 24 -69 00
MI_10 05 27 -69 11
MI_11 05 27 -69 00
MJ_00 05 24 -68 47
MJ_01 05 24 -68 36
MJ_10 05 27 -68 47
MJ_11 05 27 -68 36
MK_00 05 24 -68 23
MK_01 05 24 -68 12
MK_10 05 27 -68 23
MK_11 05 27 -68 12
ML_00 05 24 -68 00
ML_01 05 24 -67 48
ML_10 05 27 -68 00
ML_11 05 27 -67 48
MM_00 05 24 -67 35
MM_01 05 24 -67 24
MM_10 05 27 -67 35
MM_11 05 27 -67 24
MN_00 05 24 -67 11
MN_01 05 24 -67 00
MN_10 05 27 -67 11
MN_11 05 27 -67 00
MO_00 05 24 -66 47
MO_01 05 24 -66 36
MO_10 05 27 -66 47
MO_11 05 27 -66 36
MP_00 05 24 -66 23
MP_01 05 24 -66 12
MP_10 05 27 -66 23
MP_11 05 27 -66 12
MQ_00 05 24 -66 00
MQ_01 05 24 -65 48
MQ_10 05 27 -66 00
MQ_11 05 27 -65 48
MR_00 05 24 -65 35
MR_01 05 24 -65 24
MR_10 05 27 -65 35
MR_11 05 27 -65 24
MS 05 25 -65 05
NA_00 05 29 -72 23
NA_01 05 29 -72 12
NA_10 05 31 -72 23
NA_11 05 31 -72 12
NB_00 05 29 -72 00
NB_01 05 29 -71 48
NB_10 05 31 -72 00
NB_11 05 31 -71 48
NC_00 05 29 -71 35
NC_01 05 29 -71 24
NC_10 05 31 -71 35
NC_11 05 31 -71 24
ND_00 05 29 -71 11
ND_01 05 29 -71 00
ND_10 05 31 -71 11
ND_11 05 31 -71 00
NE_00 05 29 -70 47
NE_01 05 29 -70 36
NE_10 05 31 -70 47
NE_11 05 31 -70 36
NF_00 05 29 -70 23
NF_01 05 29 -70 12
NF_10 05 31 -70 23
NF_11 05 31 -70 12
NG_00 05 29 -70 00
NG_01 05 29 -69 48
NG_10 05 31 -70 00
NG_11 05 31 -69 48
NH_00 05 29 -69 35
NH_01 05 29 -69 24
NH_10 05 31 -69 35
NH_11 05 31 -69 24
NI_00 05 29 -69 11
NI_01 05 29 -69 00
NI_10 05 31 -69 11
NI_11 05 31 -69 00
NJ_00 05 29 -68 47
NJ_01 05 29 -68 36
NJ_10 05 31 -68 47
NJ_11 05 31 -68 36
NK_00 05 29 -68 23
NK_01 05 29 -68 12
NK_10 05 31 -68 23
NK_11 05 31 -68 12
NL_00 05 29 -68 00
NL_01 05 29 -67 48
NL_10 05 31 -68 00
NL_11 05 31 -67 48
NM_00 05 29 -67 35
NM_01 05 29 -67 24
NM_10 05 31 -67 35
NM_11 05 31 -67 24
NN_00 05 29 -67 11
NN_01 05 29 -67 00
NN_10 05 31 -67 11
NN_11 05 31 -67 00
NO_00 05 29 -66 47
NO_01 05 29 -66 36
NO_10 05 31 -66 47
NO_11 05 31 -66 36
NP_00 05 29 -66 23
NP_01 05 29 -66 12
NP_10 05 31 -66 23
NP_11 05 31 -66 12
NQ_00 05 29 -66 00
NQ_01 05 29 -65 48
NQ_10 05 31 -66 00
NQ_11 05 31 -65 48
NR_00 05 29 -65 35
NR_01 05 29 -65 24
NR_10 05 31 -65 35
NR_11 05 31 -65 24
NS 05 30 -65 05
OA_00 05 33 -72 23
OA_01 05 33 -72 12
OA_10 05 36 -72 23
OA_11 05 36 -72 12
OB_00 05 33 -72 00
OB_01 05 33 -71 48
OB_10 05 36 -72 00
OB_11 05 36 -71 48
OC_00 05 33 -71 35
OC_01 05 33 -71 24
OC_10 05 36 -71 35
OC_11 05 36 -71 24
OD_00 05 33 -71 11
OD_01 05 33 -71 00
OD_10 05 36 -71 11
OD_11 05 36 -71 00
OE_00 05 33 -70 47
OE_01 05 33 -70 36
OE_10 05 36 -70 47
OE_11 05 36 -70 36
OF_00 05 33 -70 23
OF_01 05 33 -70 12
OF_10 05 36 -70 23
OF_11 05 36 -70 12
OG_00 05 33 -70 00
OG_01 05 33 -69 48
OG_10 05 36 -70 00
OG_11 05 36 -69 48
OH_00 05 33 -69 35
OH_01 05 33 -69 24
OH_10 05 36 -69 35
OH_11 05 36 -69 24
OI_00 05 33 -69 11
OI_01 05 33 -69 00
OI_10 05 36 -69 11
OI_11 05 36 -69 00
OJ_00 05 33 -68 47
OJ_01 05 33 -68 36
OJ_10 05 36 -68 47
OJ_11 05 36 -68 36
OK_00 05 33 -68 23
OK_01 05 33 -68 12
OK_10 05 36 -68 23
OK_11 05 36 -68 12
OL_00 05 33 -68 00
OL_01 05 33 -67 48
OL_10 05 36 -68 00
OL_11 05 36 -67 48
OM_00 05 33 -67 35
OM_01 05 33 -67 24
OM_10 05 36 -67 35
OM_11 05 36 -67 24
ON_00 05 33 -67 11
ON_01 05 33 -67 00
ON_10 05 36 -67 11
ON_11 05 36 -67 00
OO_00 05 33 -66 47
OO_01 05 33 -66 36
OO_10 05 36 -66 47
OO_11 05 36 -66 36
OP_00 05 33 -66 23
OP_01 05 33 -66 12
OP_10 05 36 -66 23
OP_11 05 36 -66 12
OQ_00 05 33 -66 00
OQ_01 05 33 -65 48
OQ_10 05 36 -66 00
OQ_11 05 36 -65 48
OR_00 05 33 -65 35
OR_01 05 33 -65 24
OR_10 05 36 -65 35
OR_11 05 36 -65 24
OS 05 35 -65 05
PA_00 05 38 -72 23
PA_01 05 38 -72 12
PA_10 05 40 -72 23
PA_11 05 40 -72 12
PB_00 05 38 -72 00
PB_01 05 38 -71 48
PB_10 05 40 -72 00
PB_11 05 40 -71 48
PC_00 05 38 -71 35
PC_01 05 38 -71 24
PC_10 05 40 -71 35
PC_11 05 40 -71 24
PD_00 05 38 -71 11
PD_01 05 38 -71 00
PD_10 05 40 -71 11
PD_11 05 40 -71 00
PE_00 05 38 -70 47
PE_01 05 38 -70 36
PE_10 05 40 -70 47
PE_11 05 40 -70 36
PF_00 05 38 -70 23
PF_01 05 38 -70 12
PF_10 05 40 -70 23
PF_11 05 40 -70 12
PG_00 05 38 -70 00
PG_01 05 38 -69 48
PG_10 05 40 -70 00
PG_11 05 40 -69 48
PH_00 05 38 -69 35
PH_01 05 38 -69 24
PH_10 05 40 -69 35
PH_11 05 40 -69 24
PI_00 05 38 -69 11
PI_01 05 38 -69 00
PI_10 05 40 -69 11
PI_11 05 40 -69 00
PJ_00 05 38 -68 47
PJ_01 05 38 -68 36
PJ_10 05 40 -68 47
PJ_11 05 40 -68 36
PK_00 05 38 -68 23
PK_01 05 38 -68 12
PK_10 05 40 -68 23
PK_11 05 40 -68 12
PL_00 05 38 -68 00
PL_01 05 38 -67 48
PL_10 05 40 -68 00
PL_11 05 40 -67 48
PM_00 05 38 -67 35
PM_01 05 38 -67 24
PM_10 05 40 -67 35
PM_11 05 40 -67 24
PN_00 05 38 -67 11
PN_01 05 38 -67 00
PN_10 05 40 -67 11
PN_11 05 40 -67 00
PO_00 05 38 -66 47
PO_01 05 38 -66 36
PO_10 05 40 -66 47
PO_11 05 40 -66 36
PP_00 05 38 -66 23
PP_01 05 38 -66 12
PP_10 05 40 -66 23
PP_11 05 40 -66 12
PQ_00 05 38 -66 00
PQ_01 05 38 -65 48
PQ_10 05 40 -66 00
PQ_11 05 40 -65 48
PR_00 05 38 -65 35
PR_01 05 38 -65 24
PR_10 05 40 -65 35
PR_11 05 40 -65 24
PS 05 39 -65 05
QA_00 05 43 -72 23
QA_01 05 43 -72 12
QA_10 05 45 -72 23
QA_11 05 45 -72 12
QB_00 05 43 -72 00
QB_01 05 43 -71 48
QB_10 05 45 -72 00
QB_11 05 45 -71 48
QC_00 05 43 -71 35
QC_01 05 43 -71 24
QC_10 05 45 -71 35
QC_11 05 45 -71 24
QD_00 05 43 -71 11
QD_01 05 43 -71 00
QD_10 05 45 -71 11
QD_11 05 45 -71 00
QE_00 05 43 -70 47
QE_01 05 43 -70 36
QE_10 05 45 -70 47
QE_11 05 45 -70 36
QF_00 05 43 -70 23
QF_01 05 43 -70 12
QF_10 05 45 -70 23
QF_11 05 45 -70 12
QG_00 05 43 -70 00
QG_01 05 43 -69 48
QG_10 05 45 -70 00
QG_11 05 45 -69 48
QH_00 05 43 -69 35
QH_01 05 43 -69 24
QH_10 05 45 -69 35
QH_11 05 45 -69 24
QI_00 05 43 -69 11
QI_01 05 43 -69 00
QI_10 05 45 -69 11
QI_11 05 45 -69 00
QJ_00 05 43 -68 47
QJ_01 05 43 -68 36
QJ_10 05 45 -68 47
QJ_11 05 45 -68 36
QK_00 05 43 -68 23
QK_01 05 43 -68 12
QK_10 05 45 -68 23
QK_11 05 45 -68 12
QL_00 05 43 -68 00
QL_01 05 43 -67 48
QL_10 05 45 -68 00
QL_11 05 45 -67 48
QM_00 05 43 -67 35
QM_01 05 43 -67 24
QM_10 05 45 -67 35
QM_11 05 45 -67 24
QN_00 05 43 -67 11
QN_01 05 43 -67 00
QN_10 05 45 -67 11
QN_11 05 45 -67 00
QO_00 05 43 -66 47
QO_01 05 43 -66 36
QO_10 05 45 -66 47
QO_11 05 45 -66 36
QP_00 05 43 -66 23
QP_01 05 43 -66 12
QP_10 05 45 -66 23
QP_11 05 45 -66 12
QQ_00 05 43 -66 00
QQ_01 05 43 -65 48
QQ_10 05 45 -66 00
QQ_11 05 45 -65 48
QR_00 05 43 -65 35
QR_01 05 43 -65 24
QR_10 05 45 -65 35
QR_11 05 45 -65 24
QS 05 44 -65 05
RA_00 05 47 -72 23
RA_01 05 47 -72 12
RA_10 05 49 -72 23
RA_11 05 49 -72 12
RB_00 05 47 -72 00
RB_01 05 47 -71 48
RB_10 05 49 -72 00
RB_11 05 49 -71 48
RC_00 05 47 -71 35
RC_01 05 47 -71 24
RC_10 05 49 -71 35
RC_11 05 49 -71 24
RD_00 05 47 -71 11
RD_01 05 47 -71 00
RD_10 05 49 -71 11
RD_11 05 49 -71 00
RE_00 05 47 -70 47
RE_01 05 47 -70 36
RE_10 05 49 -70 47
RE_11 05 49 -70 36
RF_00 05 47 -70 23
RF_01 05 47 -70 12
RF_10 05 49 -70 23
RF_11 05 49 -70 12
RG_00 05 47 -70 00
RG_01 05 47 -69 48
RG_10 05 49 -70 00
RG_11 05 49 -69 48
RH_00 05 47 -69 35
RH_01 05 47 -69 24
RH_10 05 49 -69 35
RH_11 05 49 -69 24
RI_00 05 47 -69 11
RI_01 05 47 -69 00
RI_10 05 49 -69 11
RI_11 05 49 -69 00
RJ_00 05 47 -68 47
RJ_01 05 47 -68 36
RJ_10 05 49 -68 47
RJ_11 05 49 -68 36
RK_00 05 47 -68 23
RK_01 05 47 -68 12
RK_10 05 49 -68 23
RK_11 05 49 -68 12
RL_00 05 47 -68 00
RL_01 05 47 -67 48
RL_10 05 49 -68 00
RL_11 05 49 -67 48
RM_00 05 47 -67 35
RM_01 05 47 -67 24
RM_10 05 49 -67 35
RM_11 05 49 -67 24
RN_00 05 47 -67 11
RN_01 05 47 -67 00
RN_10 05 49 -67 11
RN_11 05 49 -67 00
RO_00 05 47 -66 47
RO_01 05 47 -66 36
RO_10 05 49 -66 47
RO_11 05 49 -66 36
RP_00 05 47 -66 23
RP_01 05 47 -66 12
RP_10 05 49 -66 23
RP_11 05 49 -66 12
RQ_00 05 47 -66 00
RQ_01 05 47 -65 48
RQ_10 05 49 -66 00
RQ_11 05 49 -65 48
RR_00 05 47 -65 35
RR_01 05 47 -65 24
RR_10 05 49 -65 35
RR_11 05 49 -65 24
RS 05 48 -65 05
SA 05 53 -72 17
SB_00 05 52 -72 00
SB_01 05 52 -71 48
SB_10 05 54 -72 00
SB_11 05 54 -71 48
SC_00 05 52 -71 35
SC_01 05 52 -71 24
SC_10 05 54 -71 35
SC_11 05 54 -71 24
SD_00 05 52 -71 11
SD_01 05 52 -71 00
SD_10 05 54 -71 11
SD_11 05 54 -71 00
SE_00 05 52 -70 47
SE_01 05 52 -70 36
SE_10 05 54 -70 47
SE_11 05 54 -70 36
SF_00 05 52 -70 23
SF_01 05 52 -70 12
SF_10 05 54 -70 23
SF_11 05 54 -70 12
SG_00 05 52 -70 00
SG_01 05 52 -69 48
SG_10 05 54 -70 00
SG_11 05 54 -69 48
SH_00 05 52 -69 35
SH_01 05 52 -69 24
SH_10 05 54 -69 35
SH_11 05 54 -69 24
SI_00 05 52 -69 11
SI_01 05 52 -69 00
SI_10 05 54 -69 11
SI_11 05 54 -69 00
SJ_00 05 52 -68 47
SJ_01 05 52 -68 36
SJ_10 05 54 -68 47
SJ_11 05 54 -68 36
SK_00 05 52 -68 23
SK_01 05 52 -68 12
SK_10 05 54 -68 23
SK_11 05 54 -68 12
SL_00 05 52 -68 00
SL_01 05 52 -67 48
SL_10 05 54 -68 00
SL_11 05 54 -67 48
SM_00 05 52 -67 35
SM_01 05 52 -67 24
SM_10 05 54 -67 35
SM_11 05 54 -67 24
SN_00 05 52 -67 11
SN_01 05 52 -67 00
SN_10 05 54 -67 11
SN_11 05 54 -67 00
SO_00 05 52 -66 47
SO_01 05 52 -66 36
SO_10 05 54 -66 47
SO_11 05 54 -66 36
SP_00 05 52 -66 23
SP_01 05 52 -66 12
SP_10 05 54 -66 23
SP_11 05 54 -66 12
SQ_00 05 52 -66 00
SQ_01 05 52 -65 48
SQ_10 05 54 -66 00
SQ_11 05 54 -65 48
SR_00 05 52 -65 35
SR_01 05 52 -65 24
SR_10 05 54 -65 35
SR_11 05 54 -65 24
SS 05 53 -65 05
TA 05 57 -72 17
TB 05 57 -71 54
TC_00 05 56 -71 35
TC_01 05 56 -71 24
TC_10 05 58 -71 35
TC_11 05 58 -71 24
TD_00 05 56 -71 11
TD_01 05 56 -71 00
TD_10 05 58 -71 11
TD_11 05 58 -71 00
TE_00 05 56 -70 47
TE_01 05 56 -70 36
TE_10 05 58 -70 47
TE_11 05 58 -70 36
TF_00 05 56 -70 23
TF_01 05 56 -70 12
TF_10 05 58 -70 23
TF_11 05 58 -70 12
TG_00 05 56 -70 00
TG_01 05 56 -69 48
TG_10 05 58 -70 00
TG_11 05 58 -69 48
TH_00 05 56 -69 35
TH_01 05 56 -69 24
TH_10 05 58 -69 35
TH_11 05 58 -69 24
TI_00 05 56 -69 11
TI_01 05 56 -69 00
TI_10 05 58 -69 11
TI_11 05 58 -69 00
TJ_00 05 56 -68 47
TJ_01 05 56 -68 36
TJ_10 05 58 -68 47
TJ_11 05 58 -68 36
TK_00 05 56 -68 23
TK_01 05 56 -68 12
TK_10 05 58 -68 23
TK_11 05 58 -68 12
TL_00 05 56 -68 00
TL_01 05 56 -67 48
TL_10 05 58 -68 00
TL_11 05 58 -67 48
TM_00 05 56 -67 35
TM_01 05 56 -67 24
TM_10 05 58 -67 35
TM_11 05 58 -67 24
TN_00 05 56 -67 11
TN_01 05 56 -67 00
TN_10 05 58 -67 11
TN_11 05 58 -67 00
TO_00 05 56 -66 47
TO_01 05 56 -66 36
TO_10 05 58 -66 47
TO_11 05 58 -66 36
TP_00 05 56 -66 23
TP_01 05 56 -66 12
TP_10 05 58 -66 23
TP_11 05 58 -66 12
TQ_00 05 56 -66 00
TQ_01 05 56 -65 48
TQ_10 05 58 -66 00
TQ_11 05 58 -65 48
TR_00 05 56 -65 35
TR_01 05 56 -65 24
TR_10 05 58 -65 35
TR_11 05 58 -65 24
TS 05 57 -65 05
UA 06 02 -72 17
UB 06 02 -71 54
UC_00 06 01 -71 35
UC_01 06 01 -71 24
UC_10 06 03 -71 35
UC_11 06 03 -71 24
UD_00 06 01 -71 11
UD_01 06 01 -71 00
UD_10 06 03 -71 11
UD_11 06 03 -71 00
UE_00 06 01 -70 47
UE_01 06 01 -70 36
UE_10 06 03 -70 47
UE_11 06 03 -70 36
UF_00 06 01 -70 23
UF_01 06 01 -70 12
UF_10 06 03 -70 23
UF_11 06 03 -70 12
UG_00 06 01 -70 00
UG_01 06 01 -69 48
UG_10 06 03 -70 00
UG_11 06 03 -69 48
UH_00 06 01 -69 35
UH_01 06 01 -69 24
UH_10 06 03 -69 35
UH_11 06 03 -69 24
UI_00 06 01 -69 11
UI_01 06 01 -69 00
UI_10 06 03 -69 11
UI_11 06 03 -69 00
UJ_00 06 01 -68 47
UJ_01 06 01 -68 36
UJ_10 06 03 -68 47
UJ_11 06 03 -68 36
UK_00 06 01 -68 23
UK_01 06 01 -68 12
UK_10 06 03 -68 23
UK_11 06 03 -68 12
UL_00 06 01 -68 00
UL_01 06 01 -67 48
UL_10 06 03 -68 00
UL_11 06 03 -67 48
UM_00 06 01 -67 35
UM_01 06 01 -67 24
UM_10 06 03 -67 35
UM_11 06 03 -67 24
UN_00 06 01 -67 11
UN_01 06 01 -67 00
UN_10 06 03 -67 11
UN_11 06 03 -67 00
UO_00 06 01 -66 47
UO_01 06 01 -66 36
UO_10 06 03 -66 47
UP_00 06 01 -66 23
UP_01 06 01 -66 12
UQ 06 02 -65 54
UR 06 02 -65 30
VA 06 06 -72 17
VB_00 06 05 -72 00
VB_01 06 05 -71 48
VB_10 06 08 -72 00
VB_11 06 08 -71 48
VC_00 06 05 -71 35
VC_01 06 05 -71 24
VC_10 06 08 -71 35
VC_11 06 08 -71 24
VD_00 06 05 -71 11
VD_01 06 05 -71 00
VD_10 06 08 -71 11
VD_11 06 08 -71 00
VE_00 06 05 -70 47
VE_01 06 05 -70 36
VE_10 06 08 -70 47
VE_11 06 08 -70 36
VF_00 06 05 -70 23
VF_01 06 05 -70 12
VF_10 06 08 -70 23
VF_11 06 08 -70 12
VG_00 06 05 -70 00
VG_01 06 05 -69 48
VG_10 06 08 -70 00
VG_11 06 08 -69 48
VH_00 06 05 -69 35
VH_01 06 05 -69 24
VH_10 06 08 -69 35
VH_11 06 08 -69 24
VI_00 06 05 -69 11
VI_01 06 05 -69 00
VI_10 06 08 -69 11
VJ 06 06 -68 42
VK 06 06 -68 17
VL 06 06 -67 54
WA 06 11 -72 17
WB 06 11 -71 54
WC_00 06 10 -71 35
WC_01 06 10 -71 24
WC_10 06 12 -71 35
WC_11 06 12 -71 24
WD 06 11 -71 05
WE 06 11 -70 42
WF 06 11 -70 17
XA 06 16 -72 17
XB 06 16 -71 54
