AA 00 25 -74 57
BA 00 28 -74 57
CA 00 31 -74 57
DA 00 33 -74 57
EA 00 36 -74 57
FA 00 39 -74 57
GA 00 41 -74 57
HA 00 44 -74 57
IA 00 47 -74 57
JA 00 49 -74 57
KA 00 52 -74 57
LA 00 55 -74 57
MA 00 58 -74 57
NA 01 00 -74 57
OA 01 03 -74 57
PA 01 06 -74 57
QA 01 08 -74 57
RA 01 11 -74 57
SA 01 14 -74 57
TA 01 16 -74 57
AB 00 25 -74 45
BB 00 28 -74 45
CB 00 31 -74 45
DB 00 33 -74 45
EB 00 36 -74 45
FB 00 39 -74 45
GB 00 41 -74 45
HB 00 44 -74 45
IB 00 47 -74 45
JB 00 49 -74 45
KB 00 52 -74 45
LB 00 55 -74 45
MB 00 58 -74 45
NB 01 00 -74 45
OB 01 03 -74 45
PB 01 06 -74 45
QB 01 08 -74 45
RB 01 11 -74 45
SB 01 14 -74 45
TB 01 16 -74 45
AC 00 25 -74 32
BC 00 28 -74 32
CC 00 31 -74 32
DC 00 33 -74 32
EC 00 36 -74 32
FC 00 39 -74 32
GC 00 41 -74 32
HC 00 44 -74 32
IC 00 47 -74 32
JC 00 49 -74 32
KC 00 52 -74 32
LC 00 55 -74 32
MC 00 58 -74 32
NC 01 00 -74 32
OC 01 03 -74 32
PC 01 06 -74 32
QC 01 08 -74 32
RC 01 11 -74 32
SC 01 14 -74 32
TC 01 16 -74 32
AD 00 25 -74 20
BD 00 28 -74 20
CD 00 31 -74 20
DD 00 33 -74 20
ED 00 36 -74 20
FD 00 39 -74 20
GD 00 41 -74 20
HD 00 44 -74 20
ID 00 47 -74 20
JD 00 49 -74 20
KD 00 52 -74 20
LD 00 55 -74 20
MD 00 58 -74 20
ND 01 00 -74 20
OD 01 03 -74 20
PD 01 06 -74 20
QD 01 08 -74 20
RD 01 11 -74 20
SD 01 14 -74 20
TD 01 16 -74 20
AE 00 25 -74 08
BE 00 28 -74 08
CE 00 31 -74 08
DE 00 33 -74 08
EE 00 36 -74 08
FE 00 39 -74 08
GE 00 41 -74 08
HE 00 44 -74 08
IE 00 47 -74 08
JE 00 49 -74 08
KE 00 52 -74 08
LE 00 55 -74 08
ME 00 58 -74 08
NE 01 00 -74 08
OE 01 03 -74 08
PE 01 06 -74 08
QE 01 08 -74 08
RE 01 11 -74 08
SE 01 14 -74 08
TE 01 16 -74 08
AF 00 25 -73 57
BF 00 28 -73 57
CF 00 31 -73 57
DF 00 33 -73 57
EF 00 36 -73 57
FF 00 39 -73 57
GF 00 41 -73 57
HF 00 44 -73 57
IF 00 47 -73 57
JF 00 49 -73 57
KF 00 52 -73 57
LF 00 55 -73 57
MF 00 58 -73 57
NF 01 00 -73 57
OF 01 03 -73 57
PF 01 06 -73 57
QF 01 08 -73 57
RF 01 11 -73 57
SF 01 14 -73 57
TF 01 16 -73 57
AG 00 25 -73 45
BG 00 28 -73 45
CG 00 31 -73 45
DG 00 33 -73 45
EG 00 36 -73 45
FG 00 39 -73 45
GG 00 41 -73 45
HG 00 44 -73 45
IG 00 47 -73 45
JG 00 49 -73 45
KG 00 52 -73 45
LG 00 55 -73 45
MG 00 58 -73 45
NG 01 00 -73 45
OG 01 03 -73 45
PG 01 06 -73 45
QG 01 08 -73 45
RG 01 11 -73 45
SG 01 14 -73 45
TG 01 16 -73 45
AH 00 25 -73 32
BH 00 28 -73 32
CH 00 31 -73 32
DH 00 33 -73 32
EH 00 36 -73 32
FH 00 39 -73 32
GH 00 41 -73 32
HH 00 44 -73 32
IH 00 47 -73 32
JH 00 49 -73 32
KH 00 52 -73 32
LH 00 55 -73 32
MH 00 58 -73 32
NH 01 00 -73 32
OH 01 03 -73 32
PH 01 06 -73 32
QH 01 08 -73 32
RH 01 11 -73 32
SH 01 14 -73 32
TH 01 16 -73 32
AI 00 25 -73 20
BI 00 28 -73 20
CI 00 31 -73 20
DI 00 33 -73 20
EI 00 36 -73 20
FI 00 39 -73 20
GI 00 41 -73 20
HI 00 44 -73 20
II 00 47 -73 20
JI 00 49 -73 20
KI 00 52 -73 20
LI 00 55 -73 20
MI 00 58 -73 20
NI 01 00 -73 20
OI 01 03 -73 20
PI 01 06 -73 20
QI 01 08 -73 20
RI 01 11 -73 20
SI 01 14 -73 20
TI 01 16 -73 20
AJ 00 25 -73 08
BJ 00 28 -73 08
CJ 00 31 -73 08
DJ 00 33 -73 08
EJ 00 36 -73 08
FJ 00 39 -73 08
GJ 00 41 -73 08
HJ 00 44 -73 08
IJ 00 47 -73 08
JJ 00 49 -73 08
KJ 00 52 -73 08
LJ 00 55 -73 08
MJ 00 58 -73 08
NJ 01 00 -73 08
OJ 01 03 -73 08
PJ 01 06 -73 08
QJ 01 08 -73 08
RJ 01 11 -73 08
SJ 01 14 -73 08
TJ 01 16 -73 08
AK 00 25 -72 57
BK 00 28 -72 57
CK 00 31 -72 57
DK 00 33 -72 57
EK 00 36 -72 57
FK 00 39 -72 57
GK 00 41 -72 57
HK 00 44 -72 57
IK 00 47 -72 57
JK 00 49 -72 57
KK 00 52 -72 57
LK 00 55 -72 57
MK 00 58 -72 57
NK 01 00 -72 57
OK 01 03 -72 57
PK 01 06 -72 57
QK 01 08 -72 57
RK 01 11 -72 57
SK 01 14 -72 57
TK 01 16 -72 57
AL 00 25 -72 45
BL 00 28 -72 45
CL 00 31 -72 45
DL 00 33 -72 45
EL 00 36 -72 45
FL 00 39 -72 45
GL 00 41 -72 45
HL 00 44 -72 45
IL 00 47 -72 45
JL 00 49 -72 45
KL 00 52 -72 45
LL 00 55 -72 45
ML 00 58 -72 45
NL 01 00 -72 45
OL 01 03 -72 45
PL 01 06 -72 45
QL 01 08 -72 45
RL 01 11 -72 45
SL 01 14 -72 45
TL 01 16 -72 45
AM 00 25 -72 32
BM 00 28 -72 32
CM 00 31 -72 32
DM 00 33 -72 32
EM 00 36 -72 32
FM 00 39 -72 32
GM 00 41 -72 32
HM 00 44 -72 32
IM 00 47 -72 32
JM 00 49 -72 32
KM 00 52 -72 32
LM 00 55 -72 32
MM 00 58 -72 32
NM 01 00 -72 32
OM 01 03 -72 32
PM 01 06 -72 32
QM 01 08 -72 32
RM 01 11 -72 32
SM 01 14 -72 32
TM 01 16 -72 32
AN 00 25 -72 20
BN 00 28 -72 20
CN 00 31 -72 20
DN 00 33 -72 20
EN 00 36 -72 20
FN 00 39 -72 20
GN 00 41 -72 20
HN 00 44 -72 20
IN 00 47 -72 20
JN 00 49 -72 20
KN 00 52 -72 20
LN 00 55 -72 20
MN 00 58 -72 20
NN 01 00 -72 20
ON 01 03 -72 20
PN 01 06 -72 20
QN 01 08 -72 20
RN 01 11 -72 20
SN 01 14 -72 20
TN 01 16 -72 20
AO 00 25 -72 08
BO 00 28 -72 08
CO 00 31 -72 08
DO 00 33 -72 08
EO 00 36 -72 08
FO 00 39 -72 08
GO 00 41 -72 08
HO 00 44 -72 08
IO 00 47 -72 08
JO 00 49 -72 08
KO 00 52 -72 08
LO 00 55 -72 08
MO 00 58 -72 08
NO 01 00 -72 08
OO 01 03 -72 08
PO 01 06 -72 08
QO 01 08 -72 08
RO 01 11 -72 08
SO 01 14 -72 08
TO 01 16 -72 08
AP 00 25 -71 57
BP 00 28 -71 57
CP 00 31 -71 57
DP 00 33 -71 57
EP 00 36 -71 57
FP 00 39 -71 57
GP 00 41 -71 57
HP 00 44 -71 57
IP 00 47 -71 57
JP 00 49 -71 57
KP 00 52 -71 57
LP 00 55 -71 57
MP 00 58 -71 57
NP 01 00 -71 57
OP 01 03 -71 57
PP 01 06 -71 57
QP 01 08 -71 57
RP 01 11 -71 57
SP 01 14 -71 57
TP 01 16 -71 57
AQ 00 25 -71 45
BQ 00 28 -71 45
CQ 00 31 -71 45
DQ 00 33 -71 45
EQ 00 36 -71 45
FQ 00 39 -71 45
GQ 00 41 -71 45
HQ 00 44 -71 45
IQ 00 47 -71 45
JQ 00 49 -71 45
KQ 00 52 -71 45
LQ 00 55 -71 45
MQ 00 58 -71 45
NQ 01 00 -71 45
OQ 01 03 -71 45
PQ 01 06 -71 45
QQ 01 08 -71 45
RQ 01 11 -71 45
SQ 01 14 -71 45
TQ 01 16 -71 45
AR 00 25 -71 32
BR 00 28 -71 32
CR 00 31 -71 32
DR 00 33 -71 32
ER 00 36 -71 32
FR 00 39 -71 32
GR 00 41 -71 32
HR 00 44 -71 32
IR 00 47 -71 32
JR 00 49 -71 32
KR 00 52 -71 32
LR 00 55 -71 32
MR 00 58 -71 32
NR 01 00 -71 32
OR 01 03 -71 32
PR 01 06 -71 32
QR 01 08 -71 32
RR 01 11 -71 32
SR 01 14 -71 32
TR 01 16 -71 32
AS 00 25 -71 20
BS 00 28 -71 20
CS 00 31 -71 20
DS 00 33 -71 20
ES 00 36 -71 20
FS 00 39 -71 20
GS 00 41 -71 20
HS 00 44 -71 20
IS 00 47 -71 20
JS 00 49 -71 20
KS 00 52 -71 20
LS 00 55 -71 20
MS 00 58 -71 20
NS 01 00 -71 20
OS 01 03 -71 20
PS 01 06 -71 20
QS 01 08 -71 20
RS 01 11 -71 20
SS 01 14 -71 20
TS 01 16 -71 20
AT 00 25 -71 08
BT 00 28 -71 08
CT 00 31 -71 08
DT 00 33 -71 08
ET 00 36 -71 08
FT 00 39 -71 08
GT 00 41 -71 08
HT 00 44 -71 08
IT 00 47 -71 08
JT 00 49 -71 08
KT 00 52 -71 08
LT 00 55 -71 08
MT 00 58 -71 08
NT 01 00 -71 08
OT 01 03 -71 08
PT 01 06 -71 08
QT 01 08 -71 08
RT 01 11 -71 08
ST 01 14 -71 08
TT 01 16 -71 08
AU 00 25 -70 57
BU 00 28 -70 57
CU 00 31 -70 57
DU 00 33 -70 57
EU 00 36 -70 57
FU 00 39 -70 57
GU 00 41 -70 57
HU 00 44 -70 57
IU 00 47 -70 57
JU 00 49 -70 57
KU 00 52 -70 57
LU 00 55 -70 57
MU 00 58 -70 57
NU 01 00 -70 57
OU 01 03 -70 57
PU 01 06 -70 57
QU 01 08 -70 57
RU 01 11 -70 57
SU 01 14 -70 57
TU 01 16 -70 57
AV 00 25 -70 45
BV 00 28 -70 45
CV 00 31 -70 45
DV 00 33 -70 45
EV 00 36 -70 45
FV 00 39 -70 45
GV 00 41 -70 45
HV 00 44 -70 45
IV 00 47 -70 45
JV 00 49 -70 45
KV 00 52 -70 45
LV 00 55 -70 45
MV 00 58 -70 45
NV 01 00 -70 45
OV 01 03 -70 45
PV 01 06 -70 45
QV 01 08 -70 45
RV 01 11 -70 45
SV 01 14 -70 45
TV 01 16 -70 45
AW 00 25 -70 32
BW 00 28 -70 32
CW 00 31 -70 32
DW 00 33 -70 32
EW 00 36 -70 32
FW 00 39 -70 32
GW 00 41 -70 32
HW 00 44 -70 32
IW 00 47 -70 32
JW 00 49 -70 32
KW 00 52 -70 32
LW 00 55 -70 32
MW 00 58 -70 32
NW 01 00 -70 32
OW 01 03 -70 32
PW 01 06 -70 32
QW 01 08 -70 32
RW 01 11 -70 32
SW 01 14 -70 32
TW 01 16 -70 32